0 0.000345267 0.000488281 
0.000488281 0.000845728 0 0.000845728 0.00109183 0.00109183 0 0.000345267 0 0.000345267 
0.000488281 0.000488281 0.000488281 0.000690534 0.000913491 0.000690534 0.000345267 0.000488281 0.000345267 0 
0.000845728 0 0.000690534 0.000976563 0.00059802 0.000690534 0.000690534 0.000488281 0.000488281 0.000845728 
0.000345267 0.00109183 0 0.00059802 0.00146484 0.00114512 0.000345267 0.000845728 0.000488281 0 
0.00109183 0 0.000976563 0.00109183 0.000488281 0.00059802 0.000976563 0 0.000488281 0.000690534 
0 0.000976563 0.000345267 0.000690534 0.00129187 0.00109183 0 0.000845728 0.000690534 0.000976563 
0.00059802 0.00109183 0.000690534 0 0.00146484 0.000845728 0.00077204 0.00109183 0.000913491 0.00059802 
0.00146484 0.000488281 0.00129187 0.00146484 0.000345267 0.000845728 0.00119604 0.00109183 0.000690534 0.000690534 
0.00114512 0.00059802 0.00109183 0.000845728 0.000845728 0 0.00114512 0 0.000345267 0.000690534 
0.000345267 0.000976563 0 0.00077204 0.00119604 0.00114512 0 